2021/11/09-17:18:57.394319 7f5e06c3bcc0 RocksDB version: 6.17.3
2021/11/09-17:18:57.394368 7f5e06c3bcc0 Git sha rocksdb_build_git_sha:@09c7e96eac1ab983f97ce9e0406730b8014b3398@
2021/11/09-17:18:57.394371 7f5e06c3bcc0 Compile date Oct 20 2021
2021/11/09-17:18:57.394423 7f5e06c3bcc0 DB SUMMARY
2021/11/09-17:18:57.394426 7f5e06c3bcc0 DB Session ID:  HRI9U9YWNMBKW1SNPTV9
2021/11/09-17:18:57.394445 7f5e06c3bcc0 SST files in test-ledger/rocksdb dir, Total Num: 0, files: 
2021/11/09-17:18:57.394448 7f5e06c3bcc0 Write Ahead Log file in test-ledger/rocksdb: 
2021/11/09-17:18:57.394449 7f5e06c3bcc0                         Options.error_if_exists: 0
2021/11/09-17:18:57.394451 7f5e06c3bcc0                       Options.create_if_missing: 1
2021/11/09-17:18:57.394452 7f5e06c3bcc0                         Options.paranoid_checks: 1
2021/11/09-17:18:57.394453 7f5e06c3bcc0                               Options.track_and_verify_wals_in_manifest: 0
2021/11/09-17:18:57.394454 7f5e06c3bcc0                                     Options.env: 0x55bb26b11840
2021/11/09-17:18:57.394456 7f5e06c3bcc0                                      Options.fs: Posix File System
2021/11/09-17:18:57.394457 7f5e06c3bcc0                                Options.info_log: 0x55bb280e86f0
2021/11/09-17:18:57.394459 7f5e06c3bcc0                Options.max_file_opening_threads: 16
2021/11/09-17:18:57.394460 7f5e06c3bcc0                              Options.statistics: (nil)
2021/11/09-17:18:57.394461 7f5e06c3bcc0                               Options.use_fsync: 0
2021/11/09-17:18:57.394462 7f5e06c3bcc0                       Options.max_log_file_size: 0
2021/11/09-17:18:57.394464 7f5e06c3bcc0                  Options.max_manifest_file_size: 1073741824
2021/11/09-17:18:57.394465 7f5e06c3bcc0                   Options.log_file_time_to_roll: 0
2021/11/09-17:18:57.394466 7f5e06c3bcc0                       Options.keep_log_file_num: 1000
2021/11/09-17:18:57.394467 7f5e06c3bcc0                    Options.recycle_log_file_num: 0
2021/11/09-17:18:57.394468 7f5e06c3bcc0                         Options.allow_fallocate: 1
2021/11/09-17:18:57.394469 7f5e06c3bcc0                        Options.allow_mmap_reads: 0
2021/11/09-17:18:57.394471 7f5e06c3bcc0                       Options.allow_mmap_writes: 0
2021/11/09-17:18:57.394472 7f5e06c3bcc0                        Options.use_direct_reads: 0
2021/11/09-17:18:57.394473 7f5e06c3bcc0                        Options.use_direct_io_for_flush_and_compaction: 0
2021/11/09-17:18:57.394474 7f5e06c3bcc0          Options.create_missing_column_families: 1
2021/11/09-17:18:57.394475 7f5e06c3bcc0                              Options.db_log_dir: 
2021/11/09-17:18:57.394476 7f5e06c3bcc0                                 Options.wal_dir: test-ledger/rocksdb
2021/11/09-17:18:57.394477 7f5e06c3bcc0                Options.table_cache_numshardbits: 6
2021/11/09-17:18:57.394478 7f5e06c3bcc0                         Options.WAL_ttl_seconds: 0
2021/11/09-17:18:57.394479 7f5e06c3bcc0                       Options.WAL_size_limit_MB: 0
2021/11/09-17:18:57.394481 7f5e06c3bcc0                        Options.max_write_batch_group_size_bytes: 1048576
2021/11/09-17:18:57.394482 7f5e06c3bcc0             Options.manifest_preallocation_size: 4194304
2021/11/09-17:18:57.394483 7f5e06c3bcc0                     Options.is_fd_close_on_exec: 1
2021/11/09-17:18:57.394484 7f5e06c3bcc0                   Options.advise_random_on_open: 1
2021/11/09-17:18:57.394485 7f5e06c3bcc0                    Options.db_write_buffer_size: 0
2021/11/09-17:18:57.394486 7f5e06c3bcc0                    Options.write_buffer_manager: 0x55bb281390d0
2021/11/09-17:18:57.394487 7f5e06c3bcc0         Options.access_hint_on_compaction_start: 1
2021/11/09-17:18:57.394489 7f5e06c3bcc0  Options.new_table_reader_for_compaction_inputs: 0
2021/11/09-17:18:57.394490 7f5e06c3bcc0           Options.random_access_max_buffer_size: 1048576
2021/11/09-17:18:57.394491 7f5e06c3bcc0                      Options.use_adaptive_mutex: 0
2021/11/09-17:18:57.394492 7f5e06c3bcc0                            Options.rate_limiter: (nil)
2021/11/09-17:18:57.394493 7f5e06c3bcc0     Options.sst_file_manager.rate_bytes_per_sec: 0
2021/11/09-17:18:57.394506 7f5e06c3bcc0                       Options.wal_recovery_mode: 2
2021/11/09-17:18:57.394508 7f5e06c3bcc0                  Options.enable_thread_tracking: 0
2021/11/09-17:18:57.394509 7f5e06c3bcc0                  Options.enable_pipelined_write: 0
2021/11/09-17:18:57.394510 7f5e06c3bcc0                  Options.unordered_write: 0
2021/11/09-17:18:57.394511 7f5e06c3bcc0         Options.allow_concurrent_memtable_write: 1
2021/11/09-17:18:57.394512 7f5e06c3bcc0      Options.enable_write_thread_adaptive_yield: 1
2021/11/09-17:18:57.394513 7f5e06c3bcc0             Options.write_thread_max_yield_usec: 100
2021/11/09-17:18:57.394514 7f5e06c3bcc0            Options.write_thread_slow_yield_usec: 3
2021/11/09-17:18:57.394515 7f5e06c3bcc0                               Options.row_cache: None
2021/11/09-17:18:57.394516 7f5e06c3bcc0                              Options.wal_filter: None
2021/11/09-17:18:57.394518 7f5e06c3bcc0             Options.avoid_flush_during_recovery: 0
2021/11/09-17:18:57.394519 7f5e06c3bcc0             Options.allow_ingest_behind: 0
2021/11/09-17:18:57.394520 7f5e06c3bcc0             Options.preserve_deletes: 0
2021/11/09-17:18:57.394521 7f5e06c3bcc0             Options.two_write_queues: 0
2021/11/09-17:18:57.394522 7f5e06c3bcc0             Options.manual_wal_flush: 0
2021/11/09-17:18:57.394523 7f5e06c3bcc0             Options.atomic_flush: 0
2021/11/09-17:18:57.394524 7f5e06c3bcc0             Options.avoid_unnecessary_blocking_io: 0
2021/11/09-17:18:57.394525 7f5e06c3bcc0                 Options.persist_stats_to_disk: 0
2021/11/09-17:18:57.394526 7f5e06c3bcc0                 Options.write_dbid_to_manifest: 0
2021/11/09-17:18:57.394528 7f5e06c3bcc0                 Options.log_readahead_size: 0
2021/11/09-17:18:57.394529 7f5e06c3bcc0                 Options.file_checksum_gen_factory: Unknown
2021/11/09-17:18:57.394530 7f5e06c3bcc0                 Options.best_efforts_recovery: 0
2021/11/09-17:18:57.394531 7f5e06c3bcc0                Options.max_bgerror_resume_count: 2147483647
2021/11/09-17:18:57.394532 7f5e06c3bcc0            Options.bgerror_resume_retry_interval: 1000000
2021/11/09-17:18:57.394533 7f5e06c3bcc0             Options.allow_data_in_errors: 0
2021/11/09-17:18:57.394534 7f5e06c3bcc0             Options.db_host_id: __hostname__
2021/11/09-17:18:57.394535 7f5e06c3bcc0             Options.max_background_jobs: 8
2021/11/09-17:18:57.394536 7f5e06c3bcc0             Options.max_background_compactions: -1
2021/11/09-17:18:57.394538 7f5e06c3bcc0             Options.max_subcompactions: 1
2021/11/09-17:18:57.394539 7f5e06c3bcc0             Options.avoid_flush_during_shutdown: 0
2021/11/09-17:18:57.394540 7f5e06c3bcc0           Options.writable_file_max_buffer_size: 1048576
2021/11/09-17:18:57.394541 7f5e06c3bcc0             Options.delayed_write_rate : 16777216
2021/11/09-17:18:57.394542 7f5e06c3bcc0             Options.max_total_wal_size: 4294967296
2021/11/09-17:18:57.394543 7f5e06c3bcc0             Options.delete_obsolete_files_period_micros: 21600000000
2021/11/09-17:18:57.394545 7f5e06c3bcc0                   Options.stats_dump_period_sec: 600
2021/11/09-17:18:57.394546 7f5e06c3bcc0                 Options.stats_persist_period_sec: 600
2021/11/09-17:18:57.394547 7f5e06c3bcc0                 Options.stats_history_buffer_size: 1048576
2021/11/09-17:18:57.394548 7f5e06c3bcc0                          Options.max_open_files: -1
2021/11/09-17:18:57.394549 7f5e06c3bcc0                          Options.bytes_per_sync: 0
2021/11/09-17:18:57.394550 7f5e06c3bcc0                      Options.wal_bytes_per_sync: 0
2021/11/09-17:18:57.394551 7f5e06c3bcc0                   Options.strict_bytes_per_sync: 0
2021/11/09-17:18:57.394552 7f5e06c3bcc0       Options.compaction_readahead_size: 0
2021/11/09-17:18:57.394554 7f5e06c3bcc0                  Options.max_background_flushes: -1
2021/11/09-17:18:57.394555 7f5e06c3bcc0 Compression algorithms supported:
2021/11/09-17:18:57.394556 7f5e06c3bcc0 	kZSTDNotFinalCompression supported: 0
2021/11/09-17:18:57.394558 7f5e06c3bcc0 	kZSTD supported: 0
2021/11/09-17:18:57.394565 7f5e06c3bcc0 	kXpressCompression supported: 0
2021/11/09-17:18:57.394566 7f5e06c3bcc0 	kLZ4HCCompression supported: 1
2021/11/09-17:18:57.394567 7f5e06c3bcc0 	kLZ4Compression supported: 1
2021/11/09-17:18:57.394569 7f5e06c3bcc0 	kBZip2Compression supported: 0
2021/11/09-17:18:57.394570 7f5e06c3bcc0 	kZlibCompression supported: 0
2021/11/09-17:18:57.394571 7f5e06c3bcc0 	kSnappyCompression supported: 0
2021/11/09-17:18:57.394573 7f5e06c3bcc0 Fast CRC32 supported: Supported on x86
2021/11/09-17:18:57.395985 7f5e06c3bcc0 [db/db_impl/db_impl_open.cc:283] Creating manifest 1 
2021/11/09-17:18:57.398952 7f5e06c3bcc0 [db/version_set.cc:4757] Recovering from manifest file: test-ledger/rocksdb/MANIFEST-000001
2021/11/09-17:18:57.399109 7f5e06c3bcc0 [db/column_family.cc:597] --------------- Options for column family [default]:
2021/11/09-17:18:57.399113 7f5e06c3bcc0               Options.comparator: leveldb.BytewiseComparator
2021/11/09-17:18:57.399115 7f5e06c3bcc0           Options.merge_operator: None
2021/11/09-17:18:57.399116 7f5e06c3bcc0        Options.compaction_filter: None
2021/11/09-17:18:57.399117 7f5e06c3bcc0        Options.compaction_filter_factory: None
2021/11/09-17:18:57.399118 7f5e06c3bcc0  Options.sst_partitioner_factory: None
2021/11/09-17:18:57.399120 7f5e06c3bcc0         Options.memtable_factory: SkipListFactory
2021/11/09-17:18:57.399121 7f5e06c3bcc0            Options.table_factory: BlockBasedTable
2021/11/09-17:18:57.399152 7f5e06c3bcc0            table_factory options:   flush_block_policy_factory: FlushBlockBySizePolicyFactory (0x55bb28133f00)
  cache_index_and_filter_blocks: 0
  cache_index_and_filter_blocks_with_high_priority: 1
  pin_l0_filter_and_index_blocks_in_cache: 0
  pin_top_level_index_and_filter: 1
  index_type: 0
  data_block_index_type: 0
  index_shortening: 1
  data_block_hash_table_util_ratio: 0.750000
  hash_index_allow_collision: 1
  checksum: 1
  no_block_cache: 0
  block_cache: 0x55bb28134a40
  block_cache_name: LRUCache
  block_cache_options:
    capacity : 8388608
    num_shard_bits : 4
    strict_capacity_limit : 0
    memory_allocator : None
    high_pri_pool_ratio: 0.000
  block_cache_compressed: (nil)
  persistent_cache: (nil)
  block_size: 4096
  block_size_deviation: 10
  block_restart_interval: 16
  index_block_restart_interval: 1
  metadata_block_size: 4096
  partition_filters: 0
  use_delta_encoding: 1
  filter_policy: nullptr
  whole_key_filtering: 1
  verify_compression: 0
  read_amp_bytes_per_bit: 0
  format_version: 4
  enable_index_compression: 1
  block_align: 0
2021/11/09-17:18:57.399156 7f5e06c3bcc0        Options.write_buffer_size: 67108864
2021/11/09-17:18:57.399157 7f5e06c3bcc0  Options.max_write_buffer_number: 2
2021/11/09-17:18:57.399158 7f5e06c3bcc0          Options.compression: NoCompression
2021/11/09-17:18:57.399160 7f5e06c3bcc0                  Options.bottommost_compression: Disabled
2021/11/09-17:18:57.399161 7f5e06c3bcc0       Options.prefix_extractor: nullptr
2021/11/09-17:18:57.399162 7f5e06c3bcc0   Options.memtable_insert_with_hint_prefix_extractor: nullptr
2021/11/09-17:18:57.399163 7f5e06c3bcc0             Options.num_levels: 7
2021/11/09-17:18:57.399164 7f5e06c3bcc0        Options.min_write_buffer_number_to_merge: 1
2021/11/09-17:18:57.399165 7f5e06c3bcc0     Options.max_write_buffer_number_to_maintain: 0
2021/11/09-17:18:57.399167 7f5e06c3bcc0     Options.max_write_buffer_size_to_maintain: 0
2021/11/09-17:18:57.399168 7f5e06c3bcc0            Options.bottommost_compression_opts.window_bits: -14
2021/11/09-17:18:57.399169 7f5e06c3bcc0                  Options.bottommost_compression_opts.level: 32767
2021/11/09-17:18:57.399170 7f5e06c3bcc0               Options.bottommost_compression_opts.strategy: 0
2021/11/09-17:18:57.399171 7f5e06c3bcc0         Options.bottommost_compression_opts.max_dict_bytes: 0
2021/11/09-17:18:57.399172 7f5e06c3bcc0         Options.bottommost_compression_opts.zstd_max_train_bytes: 0
2021/11/09-17:18:57.399174 7f5e06c3bcc0         Options.bottommost_compression_opts.parallel_threads: 1
2021/11/09-17:18:57.399192 7f5e06c3bcc0                  Options.bottommost_compression_opts.enabled: false
2021/11/09-17:18:57.399194 7f5e06c3bcc0            Options.compression_opts.window_bits: -14
2021/11/09-17:18:57.399195 7f5e06c3bcc0                  Options.compression_opts.level: 32767
2021/11/09-17:18:57.399196 7f5e06c3bcc0               Options.compression_opts.strategy: 0
2021/11/09-17:18:57.399198 7f5e06c3bcc0         Options.compression_opts.max_dict_bytes: 0
2021/11/09-17:18:57.399199 7f5e06c3bcc0         Options.compression_opts.zstd_max_train_bytes: 0
2021/11/09-17:18:57.399200 7f5e06c3bcc0         Options.compression_opts.parallel_threads: 1
2021/11/09-17:18:57.399201 7f5e06c3bcc0                  Options.compression_opts.enabled: false
2021/11/09-17:18:57.399202 7f5e06c3bcc0      Options.level0_file_num_compaction_trigger: 4
2021/11/09-17:18:57.399203 7f5e06c3bcc0          Options.level0_slowdown_writes_trigger: 20
2021/11/09-17:18:57.399204 7f5e06c3bcc0              Options.level0_stop_writes_trigger: 36
2021/11/09-17:18:57.399205 7f5e06c3bcc0                   Options.target_file_size_base: 67108864
2021/11/09-17:18:57.399207 7f5e06c3bcc0             Options.target_file_size_multiplier: 1
2021/11/09-17:18:57.399208 7f5e06c3bcc0                Options.max_bytes_for_level_base: 268435456
2021/11/09-17:18:57.399209 7f5e06c3bcc0 Options.level_compaction_dynamic_level_bytes: 0
2021/11/09-17:18:57.399210 7f5e06c3bcc0          Options.max_bytes_for_level_multiplier: 10.000000
2021/11/09-17:18:57.399213 7f5e06c3bcc0 Options.max_bytes_for_level_multiplier_addtl[0]: 1
2021/11/09-17:18:57.399214 7f5e06c3bcc0 Options.max_bytes_for_level_multiplier_addtl[1]: 1
2021/11/09-17:18:57.399215 7f5e06c3bcc0 Options.max_bytes_for_level_multiplier_addtl[2]: 1
2021/11/09-17:18:57.399216 7f5e06c3bcc0 Options.max_bytes_for_level_multiplier_addtl[3]: 1
2021/11/09-17:18:57.399217 7f5e06c3bcc0 Options.max_bytes_for_level_multiplier_addtl[4]: 1
2021/11/09-17:18:57.399219 7f5e06c3bcc0 Options.max_bytes_for_level_multiplier_addtl[5]: 1
2021/11/09-17:18:57.399220 7f5e06c3bcc0 Options.max_bytes_for_level_multiplier_addtl[6]: 1
2021/11/09-17:18:57.399221 7f5e06c3bcc0       Options.max_sequential_skip_in_iterations: 8
2021/11/09-17:18:57.399222 7f5e06c3bcc0                    Options.max_compaction_bytes: 1677721600
2021/11/09-17:18:57.399223 7f5e06c3bcc0                        Options.arena_block_size: 8388608
2021/11/09-17:18:57.399224 7f5e06c3bcc0   Options.soft_pending_compaction_bytes_limit: 68719476736
2021/11/09-17:18:57.399225 7f5e06c3bcc0   Options.hard_pending_compaction_bytes_limit: 274877906944
2021/11/09-17:18:57.399227 7f5e06c3bcc0       Options.rate_limit_delay_max_milliseconds: 100
2021/11/09-17:18:57.399228 7f5e06c3bcc0                Options.disable_auto_compactions: 0
2021/11/09-17:18:57.399230 7f5e06c3bcc0                        Options.compaction_style: kCompactionStyleLevel
2021/11/09-17:18:57.399232 7f5e06c3bcc0                          Options.compaction_pri: kMinOverlappingRatio
2021/11/09-17:18:57.399233 7f5e06c3bcc0 Options.compaction_options_universal.size_ratio: 1
2021/11/09-17:18:57.399234 7f5e06c3bcc0 Options.compaction_options_universal.min_merge_width: 2
2021/11/09-17:18:57.399235 7f5e06c3bcc0 Options.compaction_options_universal.max_merge_width: 4294967295
2021/11/09-17:18:57.399236 7f5e06c3bcc0 Options.compaction_options_universal.max_size_amplification_percent: 200
2021/11/09-17:18:57.399237 7f5e06c3bcc0 Options.compaction_options_universal.compression_size_percent: -1
2021/11/09-17:18:57.399239 7f5e06c3bcc0 Options.compaction_options_universal.stop_style: kCompactionStopStyleTotalSize
2021/11/09-17:18:57.399240 7f5e06c3bcc0 Options.compaction_options_fifo.max_table_files_size: 1073741824
2021/11/09-17:18:57.399241 7f5e06c3bcc0 Options.compaction_options_fifo.allow_compaction: 0
2021/11/09-17:18:57.399247 7f5e06c3bcc0                   Options.table_properties_collectors: 
2021/11/09-17:18:57.399249 7f5e06c3bcc0                   Options.inplace_update_support: 0
2021/11/09-17:18:57.399250 7f5e06c3bcc0                 Options.inplace_update_num_locks: 10000
2021/11/09-17:18:57.399260 7f5e06c3bcc0               Options.memtable_prefix_bloom_size_ratio: 0.000000
2021/11/09-17:18:57.399262 7f5e06c3bcc0               Options.memtable_whole_key_filtering: 0
2021/11/09-17:18:57.399263 7f5e06c3bcc0   Options.memtable_huge_page_size: 0
2021/11/09-17:18:57.399264 7f5e06c3bcc0                           Options.bloom_locality: 0
2021/11/09-17:18:57.399265 7f5e06c3bcc0                    Options.max_successive_merges: 0
2021/11/09-17:18:57.399267 7f5e06c3bcc0                Options.optimize_filters_for_hits: 0
2021/11/09-17:18:57.399268 7f5e06c3bcc0                Options.paranoid_file_checks: 0
2021/11/09-17:18:57.399269 7f5e06c3bcc0                Options.force_consistency_checks: 1
2021/11/09-17:18:57.399270 7f5e06c3bcc0                Options.report_bg_io_stats: 0
2021/11/09-17:18:57.399271 7f5e06c3bcc0                               Options.ttl: 2592000
2021/11/09-17:18:57.399272 7f5e06c3bcc0          Options.periodic_compaction_seconds: 0
2021/11/09-17:18:57.399273 7f5e06c3bcc0                    Options.enable_blob_files: false
2021/11/09-17:18:57.399274 7f5e06c3bcc0                        Options.min_blob_size: 0
2021/11/09-17:18:57.399275 7f5e06c3bcc0                       Options.blob_file_size: 268435456
2021/11/09-17:18:57.399277 7f5e06c3bcc0                Options.blob_compression_type: NoCompression
2021/11/09-17:18:57.399278 7f5e06c3bcc0       Options.enable_blob_garbage_collection: false
2021/11/09-17:18:57.399279 7f5e06c3bcc0   Options.blob_garbage_collection_age_cutoff: 0.250000
2021/11/09-17:18:57.400047 7f5e06c3bcc0 [db/version_set.cc:4805] Recovered from manifest file:test-ledger/rocksdb/MANIFEST-000001 succeeded,manifest_file_number is 1, next_file_number is 3, last_sequence is 0, log_number is 0,prev_log_number is 0,max_column_family is 0,min_log_number_to_keep is 0
2021/11/09-17:18:57.400052 7f5e06c3bcc0 [db/version_set.cc:4814] Column family [default] (ID 0), log number is 0
2021/11/09-17:18:57.400140 7f5e06c3bcc0 [db/version_set.cc:4111] Creating manifest 3
2021/11/09-17:18:57.404128 7f5e06c3bcc0 [db/column_family.cc:597] --------------- Options for column family [meta]:
2021/11/09-17:18:57.404145 7f5e06c3bcc0               Options.comparator: leveldb.BytewiseComparator
2021/11/09-17:18:57.404148 7f5e06c3bcc0           Options.merge_operator: None
2021/11/09-17:18:57.404151 7f5e06c3bcc0        Options.compaction_filter: None
2021/11/09-17:18:57.404154 7f5e06c3bcc0        Options.compaction_filter_factory: purged_slot_filter_factory(meta)
2021/11/09-17:18:57.404158 7f5e06c3bcc0  Options.sst_partitioner_factory: None
2021/11/09-17:18:57.404160 7f5e06c3bcc0         Options.memtable_factory: SkipListFactory
2021/11/09-17:18:57.404163 7f5e06c3bcc0            Options.table_factory: BlockBasedTable
2021/11/09-17:18:57.404230 7f5e06c3bcc0            table_factory options:   flush_block_policy_factory: FlushBlockBySizePolicyFactory (0x55bb28173f10)
  cache_index_and_filter_blocks: 0
  cache_index_and_filter_blocks_with_high_priority: 1
  pin_l0_filter_and_index_blocks_in_cache: 0
  pin_top_level_index_and_filter: 1
  index_type: 0
  data_block_index_type: 0
  index_shortening: 1
  data_block_hash_table_util_ratio: 0.750000
  hash_index_allow_collision: 1
  checksum: 1
  no_block_cache: 0
  block_cache: 0x55bb2810abf0
  block_cache_name: LRUCache
  block_cache_options:
    capacity : 8388608
    num_shard_bits : 4
    strict_capacity_limit : 0
    memory_allocator : None
    high_pri_pool_ratio: 0.000
  block_cache_compressed: (nil)
  persistent_cache: (nil)
  block_size: 4096
  block_size_deviation: 10
  block_restart_interval: 16
  index_block_restart_interval: 1
  metadata_block_size: 4096
  partition_filters: 0
  use_delta_encoding: 1
  filter_policy: nullptr
  whole_key_filtering: 1
  verify_compression: 0
  read_amp_bytes_per_bit: 0
  format_version: 4
  enable_index_compression: 1
  block_align: 0
2021/11/09-17:18:57.404234 7f5e06c3bcc0        Options.write_buffer_size: 268435456
2021/11/09-17:18:57.404236 7f5e06c3bcc0  Options.max_write_buffer_number: 8
2021/11/09-17:18:57.404239 7f5e06c3bcc0          Options.compression: NoCompression
2021/11/09-17:18:57.404241 7f5e06c3bcc0                  Options.bottommost_compression: Disabled
2021/11/09-17:18:57.404243 7f5e06c3bcc0       Options.prefix_extractor: nullptr
2021/11/09-17:18:57.404246 7f5e06c3bcc0   Options.memtable_insert_with_hint_prefix_extractor: nullptr
2021/11/09-17:18:57.404248 7f5e06c3bcc0             Options.num_levels: 7
2021/11/09-17:18:57.404250 7f5e06c3bcc0        Options.min_write_buffer_number_to_merge: 1
2021/11/09-17:18:57.404251 7f5e06c3bcc0     Options.max_write_buffer_number_to_maintain: 0
2021/11/09-17:18:57.404254 7f5e06c3bcc0     Options.max_write_buffer_size_to_maintain: 0
2021/11/09-17:18:57.404256 7f5e06c3bcc0            Options.bottommost_compression_opts.window_bits: -14
2021/11/09-17:18:57.404257 7f5e06c3bcc0                  Options.bottommost_compression_opts.level: 32767
2021/11/09-17:18:57.404259 7f5e06c3bcc0               Options.bottommost_compression_opts.strategy: 0
2021/11/09-17:18:57.404261 7f5e06c3bcc0         Options.bottommost_compression_opts.max_dict_bytes: 0
2021/11/09-17:18:57.404263 7f5e06c3bcc0         Options.bottommost_compression_opts.zstd_max_train_bytes: 0
2021/11/09-17:18:57.404265 7f5e06c3bcc0         Options.bottommost_compression_opts.parallel_threads: 1
2021/11/09-17:18:57.404266 7f5e06c3bcc0                  Options.bottommost_compression_opts.enabled: false
2021/11/09-17:18:57.404269 7f5e06c3bcc0            Options.compression_opts.window_bits: -14
2021/11/09-17:18:57.404271 7f5e06c3bcc0                  Options.compression_opts.level: 32767
2021/11/09-17:18:57.404272 7f5e06c3bcc0               Options.compression_opts.strategy: 0
2021/11/09-17:18:57.404274 7f5e06c3bcc0         Options.compression_opts.max_dict_bytes: 0
2021/11/09-17:18:57.404275 7f5e06c3bcc0         Options.compression_opts.zstd_max_train_bytes: 0
2021/11/09-17:18:57.404277 7f5e06c3bcc0         Options.compression_opts.parallel_threads: 1
2021/11/09-17:18:57.404278 7f5e06c3bcc0                  Options.compression_opts.enabled: false
2021/11/09-17:18:57.404329 7f5e06c3bcc0      Options.level0_file_num_compaction_trigger: 4
2021/11/09-17:18:57.404332 7f5e06c3bcc0          Options.level0_slowdown_writes_trigger: 20
2021/11/09-17:18:57.404334 7f5e06c3bcc0              Options.level0_stop_writes_trigger: 36
2021/11/09-17:18:57.404335 7f5e06c3bcc0                   Options.target_file_size_base: 107374182
2021/11/09-17:18:57.404337 7f5e06c3bcc0             Options.target_file_size_multiplier: 1
2021/11/09-17:18:57.404338 7f5e06c3bcc0                Options.max_bytes_for_level_base: 1073741824
2021/11/09-17:18:57.404340 7f5e06c3bcc0 Options.level_compaction_dynamic_level_bytes: 0
2021/11/09-17:18:57.404342 7f5e06c3bcc0          Options.max_bytes_for_level_multiplier: 10.000000
2021/11/09-17:18:57.404347 7f5e06c3bcc0 Options.max_bytes_for_level_multiplier_addtl[0]: 1
2021/11/09-17:18:57.404349 7f5e06c3bcc0 Options.max_bytes_for_level_multiplier_addtl[1]: 1
2021/11/09-17:18:57.404351 7f5e06c3bcc0 Options.max_bytes_for_level_multiplier_addtl[2]: 1
2021/11/09-17:18:57.404352 7f5e06c3bcc0 Options.max_bytes_for_level_multiplier_addtl[3]: 1
2021/11/09-17:18:57.404354 7f5e06c3bcc0 Options.max_bytes_for_level_multiplier_addtl[4]: 1
2021/11/09-17:18:57.404355 7f5e06c3bcc0 Options.max_bytes_for_level_multiplier_addtl[5]: 1
2021/11/09-17:18:57.404357 7f5e06c3bcc0 Options.max_bytes_for_level_multiplier_addtl[6]: 1
2021/11/09-17:18:57.404359 7f5e06c3bcc0       Options.max_sequential_skip_in_iterations: 8
2021/11/09-17:18:57.404360 7f5e06c3bcc0                    Options.max_compaction_bytes: 2684354550
2021/11/09-17:18:57.404362 7f5e06c3bcc0                        Options.arena_block_size: 33554432
2021/11/09-17:18:57.404363 7f5e06c3bcc0   Options.soft_pending_compaction_bytes_limit: 68719476736
2021/11/09-17:18:57.404365 7f5e06c3bcc0   Options.hard_pending_compaction_bytes_limit: 274877906944
2021/11/09-17:18:57.404366 7f5e06c3bcc0       Options.rate_limit_delay_max_milliseconds: 100
2021/11/09-17:18:57.404368 7f5e06c3bcc0                Options.disable_auto_compactions: 0
2021/11/09-17:18:57.404372 7f5e06c3bcc0                        Options.compaction_style: kCompactionStyleLevel
2021/11/09-17:18:57.404374 7f5e06c3bcc0                          Options.compaction_pri: kMinOverlappingRatio
2021/11/09-17:18:57.404376 7f5e06c3bcc0 Options.compaction_options_universal.size_ratio: 1
2021/11/09-17:18:57.404377 7f5e06c3bcc0 Options.compaction_options_universal.min_merge_width: 2
2021/11/09-17:18:57.404379 7f5e06c3bcc0 Options.compaction_options_universal.max_merge_width: 4294967295
2021/11/09-17:18:57.404381 7f5e06c3bcc0 Options.compaction_options_universal.max_size_amplification_percent: 200
2021/11/09-17:18:57.404382 7f5e06c3bcc0 Options.compaction_options_universal.compression_size_percent: -1
2021/11/09-17:18:57.404384 7f5e06c3bcc0 Options.compaction_options_universal.stop_style: kCompactionStopStyleTotalSize
2021/11/09-17:18:57.404386 7f5e06c3bcc0 Options.compaction_options_fifo.max_table_files_size: 1073741824
2021/11/09-17:18:57.404387 7f5e06c3bcc0 Options.compaction_options_fifo.allow_compaction: 0
2021/11/09-17:18:57.404420 7f5e06c3bcc0                   Options.table_properties_collectors: 
2021/11/09-17:18:57.404423 7f5e06c3bcc0                   Options.inplace_update_support: 0
2021/11/09-17:18:57.404424 7f5e06c3bcc0                 Options.inplace_update_num_locks: 10000
2021/11/09-17:18:57.404426 7f5e06c3bcc0               Options.memtable_prefix_bloom_size_ratio: 0.000000
2021/11/09-17:18:57.404428 7f5e06c3bcc0               Options.memtable_whole_key_filtering: 0
2021/11/09-17:18:57.404430 7f5e06c3bcc0   Options.memtable_huge_page_size: 0
2021/11/09-17:18:57.404432 7f5e06c3bcc0                           Options.bloom_locality: 0
2021/11/09-17:18:57.404434 7f5e06c3bcc0                    Options.max_successive_merges: 0
2021/11/09-17:18:57.404435 7f5e06c3bcc0                Options.optimize_filters_for_hits: 0
2021/11/09-17:18:57.404438 7f5e06c3bcc0                Options.paranoid_file_checks: 0
2021/11/09-17:18:57.404439 7f5e06c3bcc0                Options.force_consistency_checks: 1
2021/11/09-17:18:57.404457 7f5e06c3bcc0                Options.report_bg_io_stats: 0
2021/11/09-17:18:57.404459 7f5e06c3bcc0                               Options.ttl: 2592000
2021/11/09-17:18:57.404461 7f5e06c3bcc0          Options.periodic_compaction_seconds: 2592000
2021/11/09-17:18:57.404463 7f5e06c3bcc0                    Options.enable_blob_files: false
2021/11/09-17:18:57.404465 7f5e06c3bcc0                        Options.min_blob_size: 0
2021/11/09-17:18:57.404467 7f5e06c3bcc0                       Options.blob_file_size: 268435456
2021/11/09-17:18:57.404470 7f5e06c3bcc0                Options.blob_compression_type: NoCompression
2021/11/09-17:18:57.404471 7f5e06c3bcc0       Options.enable_blob_garbage_collection: false
2021/11/09-17:18:57.404473 7f5e06c3bcc0   Options.blob_garbage_collection_age_cutoff: 0.250000
2021/11/09-17:18:57.404651 7f5e06c3bcc0 [db/db_impl/db_impl.cc:2658] Created column family [meta] (ID 1)
2021/11/09-17:18:57.408614 7f5e06c3bcc0 [db/column_family.cc:597] --------------- Options for column family [dead_slots]:
2021/11/09-17:18:57.408620 7f5e06c3bcc0               Options.comparator: leveldb.BytewiseComparator
2021/11/09-17:18:57.408622 7f5e06c3bcc0           Options.merge_operator: None
2021/11/09-17:18:57.408624 7f5e06c3bcc0        Options.compaction_filter: None
2021/11/09-17:18:57.408625 7f5e06c3bcc0        Options.compaction_filter_factory: purged_slot_filter_factory(dead_slots)
2021/11/09-17:18:57.408626 7f5e06c3bcc0  Options.sst_partitioner_factory: None
2021/11/09-17:18:57.408627 7f5e06c3bcc0         Options.memtable_factory: SkipListFactory
2021/11/09-17:18:57.408629 7f5e06c3bcc0            Options.table_factory: BlockBasedTable
2021/11/09-17:18:57.408656 7f5e06c3bcc0            table_factory options:   flush_block_policy_factory: FlushBlockBySizePolicyFactory (0x55bb2810cda0)
  cache_index_and_filter_blocks: 0
  cache_index_and_filter_blocks_with_high_priority: 1
  pin_l0_filter_and_index_blocks_in_cache: 0
  pin_top_level_index_and_filter: 1
  index_type: 0
  data_block_index_type: 0
  index_shortening: 1
  data_block_hash_table_util_ratio: 0.750000
  hash_index_allow_collision: 1
  checksum: 1
  no_block_cache: 0
  block_cache: 0x55bb2810cdf0
  block_cache_name: LRUCache
  block_cache_options:
    capacity : 8388608
    num_shard_bits : 4
    strict_capacity_limit : 0
    memory_allocator : None
    high_pri_pool_ratio: 0.000
  block_cache_compressed: (nil)
  persistent_cache: (nil)
  block_size: 4096
  block_size_deviation: 10
  block_restart_interval: 16
  index_block_restart_interval: 1
  metadata_block_size: 4096
  partition_filters: 0
  use_delta_encoding: 1
  filter_policy: nullptr
  whole_key_filtering: 1
  verify_compression: 0
  read_amp_bytes_per_bit: 0
  format_version: 4
  enable_index_compression: 1
  block_align: 0
2021/11/09-17:18:57.408658 7f5e06c3bcc0        Options.write_buffer_size: 268435456
2021/11/09-17:18:57.408660 7f5e06c3bcc0  Options.max_write_buffer_number: 8
2021/11/09-17:18:57.408661 7f5e06c3bcc0          Options.compression: NoCompression
2021/11/09-17:18:57.408662 7f5e06c3bcc0                  Options.bottommost_compression: Disabled
2021/11/09-17:18:57.408663 7f5e06c3bcc0       Options.prefix_extractor: nullptr
2021/11/09-17:18:57.408665 7f5e06c3bcc0   Options.memtable_insert_with_hint_prefix_extractor: nullptr
2021/11/09-17:18:57.408666 7f5e06c3bcc0             Options.num_levels: 7
2021/11/09-17:18:57.408667 7f5e06c3bcc0        Options.min_write_buffer_number_to_merge: 1
2021/11/09-17:18:57.408668 7f5e06c3bcc0     Options.max_write_buffer_number_to_maintain: 0
2021/11/09-17:18:57.408669 7f5e06c3bcc0     Options.max_write_buffer_size_to_maintain: 0
2021/11/09-17:18:57.408671 7f5e06c3bcc0            Options.bottommost_compression_opts.window_bits: -14
2021/11/09-17:18:57.408672 7f5e06c3bcc0                  Options.bottommost_compression_opts.level: 32767
2021/11/09-17:18:57.408673 7f5e06c3bcc0               Options.bottommost_compression_opts.strategy: 0
2021/11/09-17:18:57.408674 7f5e06c3bcc0         Options.bottommost_compression_opts.max_dict_bytes: 0
2021/11/09-17:18:57.408675 7f5e06c3bcc0         Options.bottommost_compression_opts.zstd_max_train_bytes: 0
2021/11/09-17:18:57.408677 7f5e06c3bcc0         Options.bottommost_compression_opts.parallel_threads: 1
2021/11/09-17:18:57.408678 7f5e06c3bcc0                  Options.bottommost_compression_opts.enabled: false
2021/11/09-17:18:57.408679 7f5e06c3bcc0            Options.compression_opts.window_bits: -14
2021/11/09-17:18:57.408680 7f5e06c3bcc0                  Options.compression_opts.level: 32767
2021/11/09-17:18:57.408681 7f5e06c3bcc0               Options.compression_opts.strategy: 0
2021/11/09-17:18:57.408682 7f5e06c3bcc0         Options.compression_opts.max_dict_bytes: 0
2021/11/09-17:18:57.408683 7f5e06c3bcc0         Options.compression_opts.zstd_max_train_bytes: 0
2021/11/09-17:18:57.408684 7f5e06c3bcc0         Options.compression_opts.parallel_threads: 1
2021/11/09-17:18:57.408686 7f5e06c3bcc0                  Options.compression_opts.enabled: false
2021/11/09-17:18:57.408699 7f5e06c3bcc0      Options.level0_file_num_compaction_trigger: 4
2021/11/09-17:18:57.408701 7f5e06c3bcc0          Options.level0_slowdown_writes_trigger: 20
2021/11/09-17:18:57.408702 7f5e06c3bcc0              Options.level0_stop_writes_trigger: 36
2021/11/09-17:18:57.408703 7f5e06c3bcc0                   Options.target_file_size_base: 107374182
2021/11/09-17:18:57.408704 7f5e06c3bcc0             Options.target_file_size_multiplier: 1
2021/11/09-17:18:57.408705 7f5e06c3bcc0                Options.max_bytes_for_level_base: 1073741824
2021/11/09-17:18:57.408707 7f5e06c3bcc0 Options.level_compaction_dynamic_level_bytes: 0
2021/11/09-17:18:57.408708 7f5e06c3bcc0          Options.max_bytes_for_level_multiplier: 10.000000
2021/11/09-17:18:57.408710 7f5e06c3bcc0 Options.max_bytes_for_level_multiplier_addtl[0]: 1
2021/11/09-17:18:57.408712 7f5e06c3bcc0 Options.max_bytes_for_level_multiplier_addtl[1]: 1
2021/11/09-17:18:57.408713 7f5e06c3bcc0 Options.max_bytes_for_level_multiplier_addtl[2]: 1
2021/11/09-17:18:57.408714 7f5e06c3bcc0 Options.max_bytes_for_level_multiplier_addtl[3]: 1
2021/11/09-17:18:57.408715 7f5e06c3bcc0 Options.max_bytes_for_level_multiplier_addtl[4]: 1
2021/11/09-17:18:57.408716 7f5e06c3bcc0 Options.max_bytes_for_level_multiplier_addtl[5]: 1
2021/11/09-17:18:57.408718 7f5e06c3bcc0 Options.max_bytes_for_level_multiplier_addtl[6]: 1
2021/11/09-17:18:57.408719 7f5e06c3bcc0       Options.max_sequential_skip_in_iterations: 8
2021/11/09-17:18:57.408720 7f5e06c3bcc0                    Options.max_compaction_bytes: 2684354550
2021/11/09-17:18:57.408721 7f5e06c3bcc0                        Options.arena_block_size: 33554432
2021/11/09-17:18:57.408722 7f5e06c3bcc0   Options.soft_pending_compaction_bytes_limit: 68719476736
2021/11/09-17:18:57.408723 7f5e06c3bcc0   Options.hard_pending_compaction_bytes_limit: 274877906944
2021/11/09-17:18:57.408725 7f5e06c3bcc0       Options.rate_limit_delay_max_milliseconds: 100
2021/11/09-17:18:57.408726 7f5e06c3bcc0                Options.disable_auto_compactions: 0
2021/11/09-17:18:57.408727 7f5e06c3bcc0                        Options.compaction_style: kCompactionStyleLevel
2021/11/09-17:18:57.408729 7f5e06c3bcc0                          Options.compaction_pri: kMinOverlappingRatio
2021/11/09-17:18:57.408730 7f5e06c3bcc0 Options.compaction_options_universal.size_ratio: 1
2021/11/09-17:18:57.408731 7f5e06c3bcc0 Options.compaction_options_universal.min_merge_width: 2
2021/11/09-17:18:57.408732 7f5e06c3bcc0 Options.compaction_options_universal.max_merge_width: 4294967295
2021/11/09-17:18:57.408733 7f5e06c3bcc0 Options.compaction_options_universal.max_size_amplification_percent: 200
2021/11/09-17:18:57.408734 7f5e06c3bcc0 Options.compaction_options_universal.compression_size_percent: -1
2021/11/09-17:18:57.408736 7f5e06c3bcc0 Options.compaction_options_universal.stop_style: kCompactionStopStyleTotalSize
2021/11/09-17:18:57.408737 7f5e06c3bcc0 Options.compaction_options_fifo.max_table_files_size: 1073741824
2021/11/09-17:18:57.408738 7f5e06c3bcc0 Options.compaction_options_fifo.allow_compaction: 0
2021/11/09-17:18:57.408743 7f5e06c3bcc0                   Options.table_properties_collectors: 
2021/11/09-17:18:57.408744 7f5e06c3bcc0                   Options.inplace_update_support: 0
2021/11/09-17:18:57.408745 7f5e06c3bcc0                 Options.inplace_update_num_locks: 10000
2021/11/09-17:18:57.408746 7f5e06c3bcc0               Options.memtable_prefix_bloom_size_ratio: 0.000000
2021/11/09-17:18:57.408748 7f5e06c3bcc0               Options.memtable_whole_key_filtering: 0
2021/11/09-17:18:57.408749 7f5e06c3bcc0   Options.memtable_huge_page_size: 0
2021/11/09-17:18:57.408750 7f5e06c3bcc0                           Options.bloom_locality: 0
2021/11/09-17:18:57.408751 7f5e06c3bcc0                    Options.max_successive_merges: 0
2021/11/09-17:18:57.408752 7f5e06c3bcc0                Options.optimize_filters_for_hits: 0
2021/11/09-17:18:57.408753 7f5e06c3bcc0                Options.paranoid_file_checks: 0
2021/11/09-17:18:57.408754 7f5e06c3bcc0                Options.force_consistency_checks: 1
2021/11/09-17:18:57.408762 7f5e06c3bcc0                Options.report_bg_io_stats: 0
2021/11/09-17:18:57.408763 7f5e06c3bcc0                               Options.ttl: 2592000
2021/11/09-17:18:57.408764 7f5e06c3bcc0          Options.periodic_compaction_seconds: 2592000
2021/11/09-17:18:57.408765 7f5e06c3bcc0                    Options.enable_blob_files: false
2021/11/09-17:18:57.408766 7f5e06c3bcc0                        Options.min_blob_size: 0
2021/11/09-17:18:57.408768 7f5e06c3bcc0                       Options.blob_file_size: 268435456
2021/11/09-17:18:57.408769 7f5e06c3bcc0                Options.blob_compression_type: NoCompression
2021/11/09-17:18:57.408770 7f5e06c3bcc0       Options.enable_blob_garbage_collection: false
2021/11/09-17:18:57.408771 7f5e06c3bcc0   Options.blob_garbage_collection_age_cutoff: 0.250000
2021/11/09-17:18:57.408799 7f5e06c3bcc0 [db/db_impl/db_impl.cc:2658] Created column family [dead_slots] (ID 2)
2021/11/09-17:18:57.412642 7f5e06c3bcc0 [db/column_family.cc:597] --------------- Options for column family [duplicate_slots]:
2021/11/09-17:18:57.412648 7f5e06c3bcc0               Options.comparator: leveldb.BytewiseComparator
2021/11/09-17:18:57.412650 7f5e06c3bcc0           Options.merge_operator: None
2021/11/09-17:18:57.412651 7f5e06c3bcc0        Options.compaction_filter: None
2021/11/09-17:18:57.412652 7f5e06c3bcc0        Options.compaction_filter_factory: purged_slot_filter_factory(duplicate_slots)
2021/11/09-17:18:57.412654 7f5e06c3bcc0  Options.sst_partitioner_factory: None
2021/11/09-17:18:57.412655 7f5e06c3bcc0         Options.memtable_factory: SkipListFactory
2021/11/09-17:18:57.412656 7f5e06c3bcc0            Options.table_factory: BlockBasedTable
2021/11/09-17:18:57.412686 7f5e06c3bcc0            table_factory options:   flush_block_policy_factory: FlushBlockBySizePolicyFactory (0x55bb281077c0)
  cache_index_and_filter_blocks: 0
  cache_index_and_filter_blocks_with_high_priority: 1
  pin_l0_filter_and_index_blocks_in_cache: 0
  pin_top_level_index_and_filter: 1
  index_type: 0
  data_block_index_type: 0
  index_shortening: 1
  data_block_hash_table_util_ratio: 0.750000
  hash_index_allow_collision: 1
  checksum: 1
  no_block_cache: 0
  block_cache: 0x55bb2810eff0
  block_cache_name: LRUCache
  block_cache_options:
    capacity : 8388608
    num_shard_bits : 4
    strict_capacity_limit : 0
    memory_allocator : None
    high_pri_pool_ratio: 0.000
  block_cache_compressed: (nil)
  persistent_cache: (nil)
  block_size: 4096
  block_size_deviation: 10
  block_restart_interval: 16
  index_block_restart_interval: 1
  metadata_block_size: 4096
  partition_filters: 0
  use_delta_encoding: 1
  filter_policy: nullptr
  whole_key_filtering: 1
  verify_compression: 0
  read_amp_bytes_per_bit: 0
  format_version: 4
  enable_index_compression: 1
  block_align: 0
2021/11/09-17:18:57.412688 7f5e06c3bcc0        Options.write_buffer_size: 268435456
2021/11/09-17:18:57.412689 7f5e06c3bcc0  Options.max_write_buffer_number: 8
2021/11/09-17:18:57.412690 7f5e06c3bcc0          Options.compression: NoCompression
2021/11/09-17:18:57.412691 7f5e06c3bcc0                  Options.bottommost_compression: Disabled
2021/11/09-17:18:57.412693 7f5e06c3bcc0       Options.prefix_extractor: nullptr
2021/11/09-17:18:57.412694 7f5e06c3bcc0   Options.memtable_insert_with_hint_prefix_extractor: nullptr
2021/11/09-17:18:57.412695 7f5e06c3bcc0             Options.num_levels: 7
2021/11/09-17:18:57.412696 7f5e06c3bcc0        Options.min_write_buffer_number_to_merge: 1
2021/11/09-17:18:57.412697 7f5e06c3bcc0     Options.max_write_buffer_number_to_maintain: 0
2021/11/09-17:18:57.412698 7f5e06c3bcc0     Options.max_write_buffer_size_to_maintain: 0
2021/11/09-17:18:57.412700 7f5e06c3bcc0            Options.bottommost_compression_opts.window_bits: -14
2021/11/09-17:18:57.412701 7f5e06c3bcc0                  Options.bottommost_compression_opts.level: 32767
